Oktadoku
+-----+-----+-----+-----+
| 3   |     |     |   5 |
|     | 7 6 |     |     |
|   2 |     |   7 |     |
|   5 |   4 |     | 6 1 |
+-----+-----+-----+-----+
| 6 1 |     | 8   | 2   |
|     | 4   |     | 8   |
|     |     | 5 3 |     |
| 2   |     |     |   6 |
+-----+-----+-----+-----+
Oktadoku
+-----+-----+-----+-----+
| 3 6 | 1 8 | 4 2 | 7 5 |
| 4 8 | 7 6 | 1 5 | 3 2 |
| 1 2 | 3 5 | 6 7 | 4 8 |
| 7 5 | 2 4 | 3 8 | 6 1 |
+-----+-----+-----+-----+
| 6 1 | 5 7 | 8 4 | 2 3 |
| 5 3 | 4 1 | 2 6 | 8 7 |
| 8 7 | 6 2 | 5 3 | 1 4 |
| 2 4 | 8 3 | 7 1 | 5 6 |
+-----+-----+-----+-----+
