Oktadoku
+-----+-----+-----+-----+
|     |     |     | 1   |
|   7 |     | 8 3 |     |
| 8   |     |   5 | 6 3 |
|   3 |     | 6   |   7 |
+-----+-----+-----+-----+
| 4   |   6 |     | 8   |
| 2 8 | 1   |     |   4 |
|     | 7 4 |     | 5   |
|   1 |     |     |     |
+-----+-----+-----+-----+
Oktadoku
+-----+-----+-----+-----+
| 5 2 | 6 3 | 4 7 | 1 8 |
| 6 7 | 4 1 | 8 3 | 2 5 |
| 8 4 | 2 7 | 1 5 | 6 3 |
| 1 3 | 5 8 | 6 2 | 4 7 |
+-----+-----+-----+-----+
| 4 5 | 3 6 | 7 1 | 8 2 |
| 2 8 | 1 5 | 3 6 | 7 4 |
| 3 6 | 7 4 | 2 8 | 5 1 |
| 7 1 | 8 2 | 5 4 | 3 6 |
+-----+-----+-----+-----+
