Oktadoku
+-----+-----+-----+-----+
|   6 |   8 |   2 |     |
|     |     |     | 8 1 |
| 8   | 7   |     |   4 |
|     |     |   5 | 3   |
+-----+-----+-----+-----+
|   7 | 5   |     |     |
| 5   |     |   4 |   8 |
| 4 3 |     |     |     |
|     | 4   | 1   | 7   |
+-----+-----+-----+-----+
Oktadoku
+-----+-----+-----+-----+
| 3 6 | 1 8 | 4 2 | 5 7 |
| 2 4 | 6 5 | 3 7 | 8 1 |
| 8 5 | 7 3 | 6 1 | 2 4 |
| 7 1 | 2 4 | 8 5 | 3 6 |
+-----+-----+-----+-----+
| 1 7 | 5 6 | 2 8 | 4 3 |
| 5 2 | 3 1 | 7 4 | 6 8 |
| 4 3 | 8 7 | 5 6 | 1 2 |
| 6 8 | 4 2 | 1 3 | 7 5 |
+-----+-----+-----+-----+
