Oktadoku
+-----+-----+-----+-----+
|   6 |   1 |     |     |
| 3 1 |     |   6 |   2 |
| 4   | 3   | 5   |     |
|     |     | 4   |     |
+-----+-----+-----+-----+
|     |   4 |     |     |
|     |   8 |   3 |   6 |
| 7   | 1   |     | 2 8 |
|     |     | 7   | 4   |
+-----+-----+-----+-----+
Oktadoku
+-----+-----+-----+-----+
| 5 6 | 2 1 | 3 7 | 8 4 |
| 3 1 | 4 7 | 8 6 | 5 2 |
| 4 8 | 3 6 | 5 2 | 1 7 |
| 2 7 | 8 5 | 4 1 | 6 3 |
+-----+-----+-----+-----+
| 6 2 | 7 4 | 1 8 | 3 5 |
| 1 4 | 5 8 | 2 3 | 7 6 |
| 7 5 | 1 3 | 6 4 | 2 8 |
| 8 3 | 6 2 | 7 5 | 4 1 |
+-----+-----+-----+-----+
