Oktadoku
+-----+-----+-----+-----+
|   2 |     |     |     |
|     | 2   |     |     |
|     |     |     |     |
|     |     |     |     |
+-----+-----+-----+-----+
|     |     |     |     |
|     |     |   2 |     |
|     |     |     | 2   |
|     |     |     | 1   |
+-----+-----+-----+-----+
Oktadoku
+-----+-----+-----+-----+
| 1 2 | 3 4 | 5 6 | 7 8 |
| 3 4 | 2 1 | 7 8 | 5 6 |
| 5 6 | 7 8 | 1 3 | 4 2 |
| 7 8 | 5 6 | 2 4 | 3 1 |
+-----+-----+-----+-----+
| 2 1 | 4 3 | 6 5 | 8 7 |
| 4 3 | 1 7 | 8 2 | 6 5 |
| 6 7 | 8 5 | 3 1 | 2 4 |
| 8 5 | 6 2 | 4 7 | 1 3 |
+-----+-----+-----+-----+
