73625324765141
72632453764151
72462354736151
73161345726425
71416354732652
71316435724625
74151643752362
72452634753161
57263254376141
37463254276151
57416154372632
57236253471614
17126425374635
57141653472362
17125623475364
27423564371516
62742356437151
26721514637543
36713145627425
51716254237643
23726351417654
41716425327635
52732653417164
35743625427161
35723625417164
24723645317165
73625324765141
72632453764151
72462354736151
73161345726425
71416354732652
71316435724625
74151643752362
72452634753161
57263254376141
37463254276151
57416154372632
57236253471614
17126425374635
57141653472362
17125623475364
27423564371516
62742356437151
26721514637543
36713145627425
51716254237643
23726351417654
41716425327635
52732653417164
35743625427161
35723625417164
24723645317165
26 Loesungen
